LINK1.DAT : [[10, 20], [10, 30], [10, 40], [10, 50], [20, 30], [20, 40], [20, 50], [30, 40], [40, 50]]
LINK10.DAT : [[10, 20], [10, 50], [20, 30], [20, 60], [30, 40], [30, 70], [40, 80], [50, 60], [50, 90], [60, 70], [60, 100], [60, 160], [70, 80], [70, 110], [80, 120], [90, 100], [90, 130], [100, 110], [100, 140], [110, 120], [110, 150], [120, 160], [130, 140], [140, 150], [150, 160]]
LINK11.DAT : [[1, 2], [1, 5], [2, 3], [2, 5], [2, 6], [3, 4], [3, 6], [3, 7], [4, 7], [5, 6], [5, 8], [6, 7], [6, 8], [6, 9], [7, 9], [8, 9], [8, 10], [9, 10]]
LINK12.DAT : [[1, 2], [1, 3], [1, 5], [2, 3], [2, 5], [2, 6], [3, 4], [3, 6], [3, 7], [4, 7], [4, 9], [5, 6], [5, 8], [5, 10], [6, 7], [6, 8], [6, 9], [7, 9], [8, 9], [8, 10], [9, 10]]
LINK13.DAT : [[1, 2], [1, 3], [1, 4], [1, 5], [1, 10], [2, 3], [2, 5], [2, 6], [3, 4], [3, 6], [3, 7], [4, 7], [4, 9], [4, 10], [5, 6], [5, 8], [5, 10], [6, 7], [6, 8], [6, 9], [7, 9], [8, 9], [8, 10], [9, 10]]
LINK14.DAT : [[1, 2], [1, 3], [1, 4], [1, 5], [1, 10], [2, 3], [2, 5], [2, 6], [3, 4], [3, 6], [3, 7], [4, 7], [4, 9], [4, 10], [5, 6], [5, 8], [5, 10], [6, 7], [6, 8], [6, 9], [6, 10], [7, 9], [8, 9], [8, 10], [9, 10]]
LINK15.DAT : [[1, 2], [1, 7], [2, 3], [2, 4], [2, 8], [3, 4], [3, 5], [4, 5], [5, 6], [5, 8], [6, 7], [7, 8]]
LINK16.DAT : [[1, 2], [1, 7], [2, 3], [2, 4], [2, 8], [3, 4], [3, 5], [3, 8], [4, 5], [5, 6], [5, 8], [6, 7], [7, 8]]
LINK17.DAT : [[10, 20], [20, 30], [20, 30], [20, 40], [30, 60], [30, 40], [40, 50], [40, 50], [40, 60], [50, 60], [60, 70], [60, 80], [60, 110], [60, 120], [70, 100], [80, 100], [100, 110], [110, 200], [110, 150], [110, 150], [110, 160], [110, 160], [110, 170], [110, 170], [110, 180], [110, 180], [110, 190], [110, 190], [120, 130], [120, 130], [120, 140], [120, 140], [130, 200], [140, 200], [150, 200], [160, 200], [170, 200], [180, 200], [190, 200]]
LINK18.DAT : [[10, 20], [10, 90], [20, 30], [20, 100], [30, 40], [30, 110], [40, 50], [40, 80], [40, 90], [50, 60], [50, 110], [60, 70], [60, 100], [70, 80]]
LINK19.DAT : [[10, 20], [20, 30], [20, 40], [20, 50], [30, 60], [30, 80], [40, 60], [40, 70], [40, 100], [40, 110], [50, 70], [50, 90], [60, 80], [60, 100], [70, 90], [70, 110], [80, 100], [90, 110], [100, 110]]
LINK2.DAT : [[10, 20], [10, 30], [10, 40], [10, 50], [20, 30], [20, 40], [20, 50], [30, 40], [30, 50], [40, 50]]
LINK20.DAT : [[10, 20], [10, 20], [10, 20], [20, 30], [20, 40], [20, 50], [30, 60], [30, 60], [30, 80], [40, 60], [40, 70], [40, 100], [40, 110], [50, 70], [50, 70], [50, 90], [60, 80], [60, 80], [60, 100], [70, 90], [70, 90], [70, 110], [80, 100], [80, 100], [80, 100], [90, 110], [90, 110], [90, 110], [100, 110], [100, 110], [100, 110]]
LINK21.DAT : [[10, 20], [10, 20], [10, 30], [10, 30], [10, 40], [10, 40], [10, 50], [10, 50], [20, 40], [20, 40], [20, 50], [20, 50], [30, 40], [30, 40], [30, 50], [30, 50], [40, 50], [40, 50]]
LINK22.DAT : [[10, 20], [10, 20], [10, 20], [10, 30], [10, 30], [10, 30], [10, 40], [10, 40], [10, 40], [10, 50], [10, 50], [10, 50], [20, 40], [20, 40], [20, 40], [20, 50], [20, 50], [20, 50], [30, 40], [30, 40], [30, 40], [30, 50], [30, 50], [30, 50], [40, 50], [40, 50], [40, 50]]
LINK23.DAT : [[1, 2], [1, 2], [1, 2], [1, 3], [1, 3], [1, 4], [1, 4], [1, 4], [1, 5], [1, 5], [1, 10], [1, 10], [1, 10], [2, 3], [2, 3], [2, 5], [2, 5], [2, 5], [2, 6], [2, 6], [3, 4], [3, 4], [3, 4], [3, 6], [3, 6], [3, 7], [3, 7], [3, 7], [4, 7], [4, 7], [4, 9], [4, 9], [4, 9], [4, 10], [4, 10], [5, 6], [5, 6], [5, 8], [5, 8], [5, 8], [5, 10], [5, 10], [6, 7], [6, 7], [6, 7], [6, 8], [6, 8], [6, 9], [6, 9], [6, 9], [7, 9], [7, 9], [8, 9], [8, 9], [8, 9], [8, 10], [8, 10], [9, 10], [9, 10]]
LINK24.DAT : [[10, 20], [20, 25], [25, 30], [30, 35], [35, 40], [40, 45], [45, 50], [50, 55], [55, 70], [70, 75], [75, 80], [80, 90], [80, 90], [80, 110], [80, 110], [80, 120], [80, 130], [80, 140], [80, 150], [90, 110], [110, 112], [110, 112], [110, 114], [110, 114], [110, 135], [112, 114], [112, 140], [114, 140], [120, 130], [130, 142], [130, 142], [130, 145], [135, 140], [140, 215], [140, 215], [142, 145], [145, 150], [150, 160], [150, 170], [150, 210], [150, 210], [160, 190], [170, 180], [180, 190], [190, 200], [200, 210], [210, 217], [215, 220], [217, 220], [220, 230], [220, 230]]
LINK25.DAT : [[10, 15], [15, 20], [15, 20], [15, 20], [20, 30], [20, 110], [20, 110], [20, 110], [20, 120], [20, 205], [20, 250], [30, 40], [40, 50], [50, 60], [60, 70], [70, 80], [80, 90], [90, 100], [90, 100], [100, 140], [100, 140], [100, 150], [100, 170], [100, 205], [110, 240], [120, 130], [130, 200], [140, 170], [150, 160], [160, 170], [170, 180], [170, 190], [170, 200], [180, 200], [190, 200], [200, 240], [205, 207], [205, 220], [205, 225], [207, 210], [210, 225], [220, 225], [225, 230], [230, 250], [240, 245], [240, 245], [245, 280], [250, 260], [250, 270], [260, 270], [270, 290], [280, 310], [280, 330], [290, 300], [290, 340], [300, 320], [310, 320], [320, 350], [330, 350], [340, 350], [350, 360], [360, 370]]
LINK26.DAT : [[10, 15], [15, 20], [15, 20], [15, 20], [20, 30], [20, 110], [20, 110], [20, 110], [20, 120], [20, 205], [20, 250], [30, 40], [40, 50], [50, 60], [60, 70], [70, 80], [80, 90], [90, 100], [90, 100], [100, 140], [100, 140], [100, 150], [100, 170], [100, 205], [110, 240], [120, 130], [130, 200], [140, 170], [150, 160], [160, 170], [170, 180], [170, 190], [170, 200], [180, 200], [190, 200], [200, 240], [205, 207], [205, 220], [205, 225], [207, 210], [210, 225], [220, 225], [225, 230], [230, 250], [240, 280], [240, 280], [250, 260], [250, 270], [260, 270], [270, 272], [270, 290], [270, 290], [270, 320], [272, 274], [274, 276], [276, 370], [280, 285], [280, 310], [280, 340], [285, 300], [290, 294], [294, 300], [300, 305], [305, 370], [310, 360], [320, 325], [325, 330], [330, 370], [340, 350], [350, 370], [360, 370], [370, 380], [380, 390]]
LINK27.DAT : [[5, 10], [5, 10], [10, 15], [10, 15], [15, 20], [20, 30], [30, 40], [40, 50], [40, 45], [40, 41], [40, 42], [41, 43], [42, 44], [43, 45], [44, 45], [45, 120], [45, 170], [50, 60], [60, 70], [70, 80], [80, 90], [90, 100], [100, 110], [110, 140], [120, 130], [130, 160], [140, 150], [150, 160], [160, 180], [170, 180], [180, 190], [180, 220], [190, 200], [190, 210], [200, 240], [210, 260], [220, 230], [220, 250], [230, 240], [240, 260], [250, 260]]
LINK28.DAT : [[10, 20], [20, 30], [20, 95], [20, 160], [20, 170], [20, 180], [20, 190], [30, 40], [40, 50], [50, 60], [60, 70], [70, 75], [75, 90], [75, 80], [75, 80], [75, 80], [80, 95], [90, 100], [90, 100], [90, 110], [90, 130], [95, 140], [95, 145], [95, 150], [100, 130], [110, 120], [120, 130], [130, 250], [130, 260], [140, 150], [145, 147], [147, 150], [150, 210], [160, 240], [170, 240], [180, 200], [190, 200], [200, 280], [210, 220], [210, 230], [220, 240], [230, 240], [240, 310], [250, 270], [260, 270], [270, 350], [280, 290], [280, 300], [290, 390], [300, 340], [310, 320], [320, 330], [320, 380], [330, 340], [340, 390], [350, 360], [350, 380], [360, 370], [370, 390], [380, 390]]
LINK29.DAT : [[10, 20], [20, 30], [20, 95], [20, 160], [20, 170], [20, 180], [20, 190], [30, 40], [40, 50], [50, 60], [60, 70], [70, 75], [75, 90], [75, 80], [75, 80], [75, 80], [80, 95], [90, 100], [90, 100], [90, 110], [90, 130], [95, 140], [95, 145], [95, 150], [100, 130], [110, 120], [120, 130], [130, 250], [130, 260], [140, 150], [145, 147], [147, 150], [150, 210], [160, 240], [170, 240], [180, 280], [190, 280], [210, 220], [210, 230], [220, 240], [230, 240], [240, 290], [250, 320], [260, 320], [280, 310], [280, 350], [290, 300], [290, 340], [300, 310], [310, 350], [320, 330], [320, 350], [330, 350], [340, 350]]
LINK3.DAT : [[1, 2], [1, 12], [2, 3], [2, 16], [3, 4], [3, 16], [4, 5], [4, 7], [5, 6], [5, 15], [6, 7], [6, 8], [7, 8], [8, 9], [9, 10], [9, 15], [10, 11], [11, 12], [11, 14], [12, 13], [13, 14], [13, 15], [14, 15]]
LINK30.DAT : [[10, 20], [20, 30], [20, 95], [20, 170], [20, 180], [30, 40], [40, 50], [50, 60], [60, 70], [70, 75], [75, 90], [75, 80], [75, 80], [75, 80], [80, 95], [90, 100], [90, 100], [90, 110], [90, 130], [95, 140], [95, 145], [95, 150], [100, 130], [110, 120], [120, 130], [130, 200], [140, 150], [145, 147], [147, 150], [150, 160], [160, 170], [170, 240], [180, 190], [190, 280], [190, 300], [200, 210], [210, 220], [210, 260], [220, 230], [230, 310], [240, 250], [250, 260], [250, 270], [260, 310], [270, 290], [280, 290], [290, 310], [300, 310], [310, 320]]
LINK31.DAT : [[2, 5], [5, 10], [10, 20], [20, 30], [30, 40], [30, 40], [30, 40], [40, 50], [40, 100], [50, 60], [60, 70], [60, 65], [65, 80], [70, 100], [80, 90], [90, 100], [100, 110], [100, 160], [110, 120], [120, 130], [120, 125], [125, 140], [130, 160], [140, 150], [150, 160], [160, 170], [160, 170], [170, 180], [170, 230], [180, 190], [190, 200], [190, 195], [195, 210], [200, 230], [210, 220], [220, 230], [230, 240], [230, 290], [240, 250], [250, 260], [250, 255], [255, 270], [260, 290], [270, 280], [280, 290], [290, 370], [290, 300], [300, 310], [310, 320], [320, 330], [320, 325], [325, 340], [325, 340], [325, 340], [330, 370], [340, 350], [350, 360], [360, 370], [370, 380], [370, 540], [370, 460], [380, 390], [390, 400], [400, 410], [400, 415], [410, 450], [415, 420], [415, 420], [415, 420], [420, 430], [430, 440], [440, 450], [450, 540], [460, 470], [470, 480], [480, 490], [480, 495], [490, 530], [495, 500], [495, 500], [495, 500], [500, 510], [510, 520], [520, 530], [530, 540], [540, 550], [540, 550], [540, 555], [540, 570], [540, 570], [540, 545], [540, 545], [540, 560], [545, 560], [550, 555], [555, 570], [560, 570]]
LINK32.DAT : [[10, 20], [20, 30], [20, 95], [20, 170], [20, 190], [30, 40], [40, 50], [50, 60], [60, 70], [70, 75], [75, 90], [75, 80], [75, 80], [75, 80], [80, 95], [90, 100], [90, 100], [90, 110], [90, 130], [95, 140], [95, 145], [95, 150], [100, 130], [110, 120], [120, 130], [130, 210], [140, 150], [145, 147], [147, 150], [150, 160], [160, 170], [170, 230], [190, 260], [190, 270], [210, 220], [210, 270], [220, 270], [230, 240], [230, 250], [240, 270], [250, 260], [260, 270], [270, 280]]
LINK33.DAT : [[10, 20], [20, 30], [30, 40], [40, 60], [60, 70], [60, 110], [70, 80], [80, 90], [80, 100], [80, 110], [90, 110], [100, 110], [110, 120], [110, 160], [120, 130], [130, 140], [130, 150], [130, 160], [140, 160], [150, 160], [160, 170], [160, 170], [170, 180], [170, 220], [180, 190], [190, 200], [190, 210], [190, 220], [200, 220], [210, 220], [220, 230], [220, 270], [230, 240], [240, 250], [240, 260], [240, 270], [250, 270], [260, 270], [270, 275], [270, 280], [270, 315], [275, 320], [280, 290], [290, 300], [300, 310], [310, 320], [310, 370], [315, 320], [320, 330], [320, 380], [330, 340], [340, 350], [350, 360], [360, 370], [370, 380]]
LINK34.DAT : [[10, 20], [20, 30], [30, 40], [40, 50], [50, 60], [50, 60], [60, 70], [60, 110], [70, 80], [80, 90], [80, 100], [80, 110], [90, 110], [100, 110], [110, 120], [110, 160], [120, 130], [130, 140], [130, 150], [130, 160], [140, 160], [150, 160], [160, 170], [160, 170], [170, 180], [170, 220], [180, 190], [190, 200], [190, 210], [190, 220], [200, 220], [210, 220], [220, 230], [220, 270], [230, 240], [240, 250], [240, 260], [240, 270], [250, 270], [260, 270], [270, 275], [270, 280], [270, 315], [275, 320], [280, 290], [290, 300], [300, 310], [310, 320], [310, 370], [315, 320], [320, 330], [320, 380], [330, 340], [340, 350], [350, 360], [360, 370], [370, 380]]
LINK3.DAT : [[1, 2], [1, 12], [2, 3], [2, 16], [3, 4], [3, 16], [4, 5], [4, 7], [5, 6], [5, 15], [6, 7], [6, 8], [7, 8], [8, 9], [9, 10], [9, 15], [10, 11], [11, 12], [11, 14], [12, 13], [13, 14], [13, 15], [14, 15]]
LINK36.DAT : [[10, 20], [10, 40], [10, 50], [20, 30], [20, 50], [20, 60], [30, 60], [30, 70], [40, 50], [40, 80], [40, 90], [50, 60], [50, 90], [50, 100], [60, 70], [60, 100], [60, 110], [70, 110], [70, 120], [80, 90], [80, 130], [90, 100], [90, 130], [90, 140], [100, 110], [100, 140], [100, 150], [110, 120], [110, 150], [110, 160], [120, 160], [130, 140], [130, 170], [140, 150], [140, 170], [140, 180], [150, 160], [150, 180], [150, 190], [160, 190], [170, 180], [180, 190]]
LINK4.DAT : [[10, 20], [10, 90], [10, 110], [20, 30], [20, 100], [30, 40], [30, 110], [40, 50], [40, 80], [40, 90], [50, 60], [50, 110], [60, 70], [60, 100], [70, 80]]
LINK5.DAT : [[10, 20], [10, 30], [10, 40], [10, 50], [20, 40], [20, 50], [30, 40], [30, 50], [40, 50]]
LINK6.DAT : [[10, 20], [20, 40], [40, 50], [50, 70], [70, 80]]
LINK7.DAT : [[10, 20], [10, 30], [20, 40], [30, 40], [40, 50], [40, 60], [50, 70], [60, 70]]
LINK8.DAT : [[10, 20], [20, 30], [20, 40], [30, 50], [40, 50], [50, 60], [60, 70], [60, 80], [70, 90], [80, 90], [90, 100]]
LINK9.DAT : [[10, 20], [10, 50], [20, 30], [20, 60], [30, 40], [30, 70], [40, 80], [50, 60], [50, 90], [60, 70], [60, 100], [70, 80], [70, 110], [80, 120], [90, 100], [90, 130], [100, 110], [100, 140], [110, 120], [110, 150], [120, 160], [130, 140], [140, 150], [150, 160]]
