10
15
0
15
20
20
20
0
20
30
110
110
110
120
205
250
0
30
40
0
40
50
0
50
60
0
60
70
0
70
80
0
80
90
0
90
100
100
0
100
140
140
150
170
205
0
110
240
0
120
130
0
130
200
0
140
170
0
150
160
0
160
170
0
170
180
190
200
0
180
200
0
190
200
0
200
240
0
205
207
220
225
0
207
210
0
210
225
0
220
225
0
225
230
0
230
250
0
240
280
280
0
250
260
270
0
260
270
0
270
272
290
290
320
0
272
274
0
274
276
0
276
370
0
280
285
310
340
0
285
300
0
290
294
0
294
300
0
300
305
0
305
370
0
310
360
0
320
325
0
325
330
0
330
370
0
340
350
0
350
370
0
360
370
0
370
380
0
380
390
0
