10
20
0
20
30
0
30
40
40
40
0
40
50
100
0
50
60
0
60
70
80
0
70
100
0
80
90
0
90
100
0
100
110
160
0
110
120
0
120
130
140
0
130
160
0
140
150
0
150
160
0
160
170
170
0
170
180
230
0
180
190
0
190
200
210
0
200
230
0
210
220
0
220
230
0
230
240
290
0
240
250
0
250
260
270
0
260
290
0
270
280
0
280
290
0
290
300
370
0
300
310
0
310
320
0
320
330
340
340
340
0
330
370
0
340
350
0
350
360
0
360
370
0
370
380
540
460
0
380
390
0
390
400
0
400
410
420
420
420
0
410
450
0
420
430
0
430
440
0
440
450
0
450
540
0
460
470
0
470
480
0
480
490
500
500
500
0
490
530
0
500
510
0
510
520
0
520
530
0
530
540
0
