2
5
0
5
10
0
10
20
0
20
30
0
30
40
40
40
0
40
50
100
0
50
60
0
60
70
65
0
65
80
0
70
100
0
80
90
0
90
100
0
100
110
160
0
110
120
0
120
130
125
0
125
140
0
130
160
0
140
150
0
150
160
0
160
170
170
0
170
180
230
0
180
190
0
190
200
195
0
195
210
0
200
230
0
210
220
0
220
230
0
230
240
290
0
240
250
0
250
260
255
0
255
270
0
260
290
0
270
280
0
280
290
0
290
370
300
0
300
310
0
310
320
0
320
330
325
0
325
340
340
340
0
330
370
0
340
350
0
350
360
0
360
370
0
370
380
540
460
0
380
390
0
390
400
0
400
410
415
0
410
450
0
415
420
420
420
0
420
430
0
430
440
0
440
450
0
450
540
0
460
470
0
470
480
0
480
490
495
0
490
530
0
495
500
500
500
0
500
510
0
510
520
0
520
530
0
530
540
0
540
550
550
555
570
570
545
545
560
0
545
560
0
550
555
0
555
570
0
560
570
0
